2.9595,1.5581,-0.61096,-0.45629
2.4452,-0.44842,2.5144,-0.98481
3.1157,1.1519,0.063745,-0.7221
2.8694,0.72038,1.1614,-0.35154
2.7668,-0.30559,4.0446,0.51001
3.1704,2.0154,-3.762,-2.8146
2.809,-0.91956,6.6852,1.9458
3.0803,-0.51276,3.7083,-0.16215
2.9917,-0.1489,3.9952,0.64648
3.0262,2.2559,-3.2351,-1.852
3.1482,4.2216,-7.9224,-2.5693
3.1087,2.116,-1.4631,-0.28499
3.1927,0.73997,1.219,-0.39542
3.1227,-1.5796,6.9797,0.85047
3.2238,-2.2676,9.3885,1.7484
2.7955,-2.0545,7.2737,0.4246
2.9278,1.9041,-0.39019,0.46614
3.1515,-1.5507,7.1412,0.93384
2.8884,-2.3195,9.0351,1.5212
2.8127,-1.3198,6.5325,1.0414
3.4164,1.5558,-0.18606,-0.35034
2.589,-0.80932,4.5147,0.16082
3.1244,-1.2301,6.4392,0.86011
2.6731,-1.7123,7.1516,1.0591
2.9806,0.064595,2.0396,-0.66841
2.803,0.1391,3.8314,1.2167
3.0117,0.89523,1.0919,-0.11771
3.1277,0.77598,0.92765,-0.64137
3.2988,0.72751,1.1058,-0.7268
2.6601,-0.33344,4.4371,0.99274
2.6654,0.017977,2.5103,-0.23589
2.6914,0.90573,1.4385,0.55956
2.82,1.5132,-0.98696,-0.73873
3.327,1.0926,-0.60509,-1.724
2.9767,-0.041413,2.9203,-0.13786
3.0141,-1.6138,8.3376,2.0743
2.9496,0.13711,2.7142,0.18035
3.337,-0.82464,5.6195,0.91477
3.4032,0.96997,0.36947,-1.1825
3.2454,1.6782,-1.2122,-1.0749
2.9167,-0.1503,3.7984,0.47182
3.3871,0.27694,1.7415,-0.97287
3.5857,0.88423,1.5701,-0.08901
3.3991,-0.11895,3.6773,-0.0018508
2.8934,0.51366,2.3154,0.37634
3.0698,0.20417,3.3821,0.534
3.0753,-0.34908,3.1745,-0.67673
3.0753,2.0733,-2.9512,-1.7067
2.9942,1.0718,-0.62128,-1.2015
2.7618,-0.26953,3.9704,0.61458
2.9496,-0.95929,5.6814,0.67407
2.9882,-1.9607,7.8526,1.0692
3.1735,-0.56973,4.6171,0.34873
2.9834,0.74323,0.74526,-0.78574
3.2024,-1.1689,7.0408,1.5732
2.9637,0.33776,1.9842,-0.1447
3.0102,0.85376,0.9992,-0.42089
2.9233,2.077,-2.756,-1.4064
3.0486,-0.15348,2.9868,-0.23854
2.7291,1.0792,0.29511,-0.43076
3.0794,0.30339,3.286,0.81474
3.1239,0.56794,1.2312,-0.76539
3.3382,0.38645,2.705,0.16466
3.083,0.52667,1.5991,-0.46022
3.2935,0.61303,2.2575,0.21372
3.2331,-1.9363,7.4419,0.38231
2.8647,-0.091369,3.0446,-0.032805
2.7636,0.44515,1.2395,-0.75054
3.3597,2.3078,-2.9276,-1.5412
2.9395,1.8873,-1.1492,-0.30742
3.2578,-0.38483,2.6343,-1.1778
3.2468,-0.63037,4.8774,0.45864
3.2671,0.5651,2.095,-0.064666
2.9029,-0.22936,4.1116,0.75911
3.1278,1.0792,-0.45712,-1.4066
3.2494,-2.5005,8.6367,0.67064
2.7854,0.11651,2.4249,-0.10788
2.8746,1.6756,-1.2869,-0.82768
2.8199,-0.68192,5.1495,0.8065
2.8016,-0.4768,5.6305,1.7379
2.963,-0.36575,3.1585,-0.3921
3.0317,-0.54588,4.4583,0.273
3.0454,-1.4794,7.2989,1.3608
2.9807,-2.6112,9.3468,1.1875
3.0531,-1.9815,7.674,0.63616
2.6463,0.47072,1.312,-0.47302
2.9425,-0.78738,4.9567,0.43694
2.8391,0.95668,0.2232,-0.72932
2.7702,-1.4349,5.308,-0.20878
3.0586,-0.90968,5.4542,0.5537
2.5757,-2.4612,8.3058,0.74012
3.1066,3.3368,-5.6883,-2.1586
2.6498,-1.954,7.9883,1.3941
2.8996,2.0108,-2.1696,-1.0361
2.7792,2.8178,-4.7617,-1.8648
3.0502,-1.3126,6.6353,1.0193
2.7888,0.73051,1.7685,0.36873
2.6584,1.9908,-1.8072,-0.64031
2.6193,1.9186,-2.3466,-1.2249
3.2137,-0.81256,4.8617,0.093582
2.7517,-1.3221,4.8579,-0.42284
2.8656,-0.13477,2.891,-0.21255
2.6594,-2.8586,10.195,1.6479
2.9055,0.88155,0.37716,-0.63474
2.9314,1.6179,-1.3068,-1.1465
3.0411,-2.1988,10.14,2.7167
2.9969,0.92012,0.034041,-1.1181
2.6472,-0.95996,4.2643,-0.31986
2.7633,-3.0763,11.374,2.2941
3.3244,0.51293,0.96704,-1.333
2.9536,-1.3996,7.7762,1.9655
3.3968,1.1251,0.63603,-0.40617
2.7764,-0.50259,3.1549,-0.87019
2.7069,3.3061,-5.678,-1.881
3.0344,1.0181,-0.30177,-1.2886
2.8717,-1.1912,6.5577,1.0592
2.5933,-0.47689,3.4186,-0.1127
3.0487,-0.73962,6.134,1.6167
3.1067,1.7404,-1.5693,-1.1032
3.2075,1.0927,-0.066612,-1.0542
2.8275,0.59564,1.8739,0.1769
2.9003,-0.77393,4.4802,-0.06352
2.6972,0.75846,1.2158,0.014399
3.1572,-0.38124,3.4868,-0.54109
3.008,0.85529,0.62371,-0.57552
2.8209,2.2776,-3.8348,-1.9446
2.9023,-0.43438,4.6682,0.99184
2.6711,-0.6115,4.1251,0.012185
3.1458,0.080837,3.9503,1.0149
3.2169,-0.2362,4.2497,0.63357
3.4729,0.88765,-0.2839,-1.9663
2.5512,-0.21364,3.7549,0.75365
3.2192,-0.06718,4.1501,0.86531
3.3488,0.075811,2.9662,-0.29638
3.3116,2.4246,-2.504,-0.96035
2.9129,-1.2126,5.1815,-0.18554
3.3274,1.0908,0.87008,-0.085284
2.8678,-0.12637,2.6621,-0.39177
3.3012,-1.2347,6.1879,0.54916
2.9465,-0.37481,4.4293,0.66874
3.0109,0.84428,0.90261,-0.29736
2.8939,-1.0845,5.7933,0.64397
3.314,-0.42346,4.986,0.96304
2.9525,-2.1086,8.5742,1.5263
3.2383,1.2561,0.92682,0.29668
3.1931,-0.23401,2.7622,-0.82572
2.938,2.0863,-2.4963,-1.1929
2.7436,0.28426,3.4588,1.0902
3.2188,-2.6005,10.88,2.4172
2.9721,0.3639,1.0727,-1.2409
2.9287,-0.20669,3.977,0.41259
2.9835,1.6241,-0.63593,-0.39493
3.4522,-0.64721,4.4336,-0.20769
2.4522,0.084951,3.699,1.3755
2.6771,0.72813,0.90931,-0.30354
2.8433,-0.32228,4.024,0.60211
2.6652,-0.80664,6.6118,2.229
2.6395,0.46222,1.6629,-0.16104
2.5974,2.755,-4.1066,-1.3712
3.1006,0.9779,0.64904,-0.40592
2.736,-0.65986,3.6815,-0.27504
2.3906,1.6313,-1.4356,-0.61876
2.5796,1.7172,-1.1365,-0.39114
3.0023,1.1319,0.92135,0.18687
3.1141,1.6291,-0.93844,-0.65444
3.1347,1.0632,-0.059921,-0.97291
3.0322,0.82493,1.2134,-0.23761
3.2471,-2.3056,9.1645,1.1848
3.0157,-0.67103,5.2175,0.73225
2.798,0.10472,3.0666,0.42363
3.0896,-2.4093,10.356,2.2533
2.9711,0.16795,3.0027,0.3485
3.1967,-0.77378,4.6759,0.020438
2.8524,0.57112,1.6109,-0.18161
2.9723,1.3577,-0.62653,-0.82647
2.9134,-2.9579,9.6767,0.75787
2.8861,-0.25736,4.1047,0.77816
2.9615,-1.1553,5.2755,0.016652
2.8974,2.0722,-1.7799,-0.65441
2.4139,-0.58896,3.8766,0.17042
3.2633,0.33168,1.6505,-0.77711
2.6064,1.3809,-0.30981,-0.20029
2.7288,0.12596,2.2521,-0.24276
3.0209,0.041809,3.273,0.26409
2.9026,2.7788,-5.5383,-2.7188
2.9269,-2.3341,7.5326,-0.081819
3.1072,-0.36726,3.1833,-0.78052
2.9681,-0.59866,4.8304,0.6304
2.962,-2.051,8.784,1.9282
3.1758,1.3088,-0.73535,-1.2925
3.1113,3.0363,-4.4235,-1.4767
3.135,-3.6854,10.903,0.44923
3.4556,-0.65338,4.9845,0.36897
2.6029,-1.4864,4.9776,-0.67789
3.1321,0.083991,2.6085,-0.36624
2.8065,-1.3312,5.1859,-0.34401
2.6513,-1.6779,7.1808,1.1632
2.9681,-0.8573,6.4596,1.7027
3.1968,0.13974,1.9349,-0.92178
3.0049,0.63365,0.65269,-1.0361
2.6616,0.98209,0.76007,-0.0099603
3.1754,-0.35763,3.4632,-0.64848
2.8887,0.25221,3.0895,0.69823
2.826,0.98259,0.79685,-0.19267
2.9392,1.0047,0.59867,-0.33607
3.1026,-1.0933,5.7947,0.42487
3.2159,-0.77214,4.5201,-0.00085371
2.9735,0.54875,-0.12183,-1.8537
3.2177,0.9996,1.7652,0.66188
3.0068,-2.3854,8.1582,0.38384
2.9897,-0.68826,3.9241,-0.41508
3.1483,1.3889,-0.4232,-0.7946
3.2575,-0.053164,2.6123,-0.74923
2.8128,-1.6049,6.4074,0.436
3.3473,-0.4469,4.9621,0.55402
2.8526,0.14105,1.9727,-0.48467
2.8812,-0.75077,3.4876,-0.95993
2.8331,0.74774,1.6595,0.26071
3.3404,0.50147,2.572,0.27032
3.1801,0.84036,-0.3036,-1.7609
3.102,1.441,-0.45393,-0.70971
3.2369,0.88827,1.2282,-0.015001
2.798,-0.19723,3.1429,-0.011624
2.9406,-0.77828,5.1653,0.70722
3.1513,-2.1029,6.9068,-0.29138
3.0546,-0.9376,5.4237,0.59152
3.2861,-0.064904,3.2794,-0.12064
2.9179,-0.86925,5.2056,0.50026
3.4102,0.97359,-0.17631,-1.593
3.1774,-1.6487,7.2963,0.86814
2.8822,-2.4524,9.6963,1.7591
3.1092,-0.038939,3.6419,0.35799
2.9039,0.60993,0.9216,-0.8598
3.173,1.7238,-1.2775,-1.0689
2.9558,-0.67699,4.2503,-0.17844
3.1468,-1.7284,8.0141,1.4096
3.074,-0.74748,5.1946,0.65973
2.8549,-0.77759,4.5063,0.20894
3.1178,-2.389,9.4652,1.5533
2.9056,2.153,-2.6833,-1.261
2.5235,0.38335,1.8397,-0.093037
2.9877,0.81683,-0.50398,-1.8967
3.5341,0.7858,0.20865,-1.77
2.8246,-1.6847,6.8273,0.54719
3.2776,-0.6654,5.0502,0.46701
3.0171,0.23191,2.24,-0.41378
3.303,-2.7595,9.8852,1.0771
3.2275,-1.0971,6.5835,1.2691
2.8161,1.0785,1.0724,0.27144
2.9606,0.41727,1.2852,-0.88882
2.9009,-0.54335,3.6704,-0.26997
2.9959,1.7191,-1.452,-0.82018
3.2615,1.6711,-0.64266,-0.49194
2.8757,-0.5883,5.3616,1.3
2.6555,0.77977,0.96669,-0.17914
2.8388,-1.4171,6.6943,0.93829
2.7852,-1.1288,5.9248,0.78936
2.6644,-3.8107,11.997,1.6057
2.9937,0.30346,2.1463,-0.21555
3.0732,-0.49917,3.7849,-0.18883
2.9602,-1.5471,7.3579,1.407
2.7534,-1.6135,6.7113,0.69539
3.1215,1.0564,-0.85787,-1.7996
3.2239,-1.3567,5.1166,-0.73547
3.009,-0.3839,3.3928,-0.42326
3.0667,0.67102,1.2902,-0.38822
2.9911,-1.1911,6.412,1.031
3.1705,-1.3664,8.8076,2.9719
2.678,-0.38649,3.2928,-0.13223
3.3199,1.1661,1.2863,0.37951
2.9756,-1.2259,6.1668,0.69536
3.0265,-1.926,7.7622,0.89273
2.9585,-0.31659,4.2693,0.5857
3.0555,0.29172,1.6497,-0.75836
2.8953,0.082598,1.8522,-0.84278
3.1566,1.4784,-1.4659,-1.8312
3.4999,-1.3131,6.4808,0.56211
3.0538,-0.55098,5.6161,1.3284
2.7531,0.90075,0.72251,-0.21373
3.0378,1.6984,-0.34182,0.11218
2.8613,-3.3273,12.045,2.3759
2.7072,-0.792,3.8156,-0.66581
2.9777,0.81665,-0.49767,-1.858
2.7264,0.52531,1.1479,-0.60161
2.9379,-0.54879,3.2225,-0.89393
3.4698,-0.81899,5.7311,0.69181
2.899,-0.55687,3.8799,-0.13629
2.9136,0.53397,2.07,0.21631
2.9374,-1.0333,5.4964,0.47112
2.8012,1.1948,-0.35536,-0.74276
3.2844,0.22292,1.629,-0.7662
3.483,2.8622,-3.3995,-1.155
3.5321,0.4986,3.0973,0.67586
3.0708,1.6022,-1.3765,-1.3009
3.5771,0.31673,3.4123,0.56293
2.8587,-1.6241,6.3332,0.24275
3.4279,0.074495,3.4471,0.13982
2.9547,1.569,-0.47079,-0.33039
3.4356,-0.75283,5.8281,0.935
3.0212,2.209,-1.217,0.17401
3.2605,-0.18092,3.1311,-0.39858
3.0191,-0.39188,3.1594,-0.67287
3.0575,1.7334,-2.3158,-1.9185
3.0127,0.076902,2.6293,-0.33882
2.9765,-1.1471,5.318,0.17906
2.7258,-2.1012,8.404,1.2741
2.929,-2.348,8.4889,0.63001
2.8245,-0.4923,5.1016,1.182
3.1926,-1.7944,7.462,0.63666
2.9656,-1.1142,5.1022,-0.18384
3.1898,-0.63379,6.019,1.7214
2.944,0.78711,1.8549,0.62556
2.956,-0.29258,4.0162,0.43882
3.1956,0.060027,2.6665,-0.45936
3.2451,-0.26191,3.3266,-0.42337
2.9043,-0.4374,5.4974,1.8047
3.2055,-1.0453,5.855,0.51404
3.0571,1.0411,-1.0584,-1.9735
3.0478,2.0078,-1.1151,-0.2213
2.8035,0.65198,1.3174,-0.14426
3.1398,1.6798,-1.9522,-1.6839
3.0504,3.242,-4.7177,-1.2702
2.8016,1.8694,-1.4405,-0.53771
3.5483,0.76162,0.19251,-1.7875
2.7413,0.41582,0.72264,-1.2178
3.1213,0.11313,2.8603,-0.068511
2.6073,0.10357,1.7532,-0.74735
2.7426,0.95522,1.4699,0.53683
2.7374,-1.1185,5.5366,0.48325
3.1746,0.56981,2.2754,0.16299
2.933,-0.56946,4.5885,0.5297
3.28,-1.6107,6.4569,-0.066933
3.1651,-0.54745,3.7976,-0.26421
2.7361,-0.20807,3.5155,0.19328
3.0776,-0.30509,2.6178,-1.021
3.2241,0.66395,2.3793,0.48887
2.8896,0.65682,0.26047,-1.2665
2.8601,-0.16249,2.8856,-0.26342
3.2549,0.3046,2.0273,-0.56373
3.0749,1.9473,-2.3253,-1.5389
3.1524,0.7937,1.5538,0.040004
3.1395,-0.73058,4.3015,-0.32876
3.2274,-1.057,5.2101,-0.018069
3.0404,0.35712,2.4115,0.19442
3.185,-0.78642,5.9586,1.163
3.1485,-1.4661,6.7447,0.65621
3.3842,-1.0733,6.9692,1.5687
3.2597,-0.80821,5.7075,0.84065
2.7284,0.43529,0.88271,-1.021
2.4797,-1.1968,6.7262,1.6683
2.7844,-2.8978,10.038,1.5213
3.0425,-1.8598,8.1685,1.4097
3.0872,0.91391,-0.089288,-1.1789
2.9044,1.3166,-0.1885,-0.59683
2.9944,-3.4488,11.679,1.7864
3.1163,-1.5579,7.631,1.609
2.3969,2.5577,-3.402,-0.97854
2.9072,2.1016,-0.91081,0.33324
3.0822,-1.0658,6.4397,1.3544
2.9683,0.76216,1.1896,-0.13932
2.8909,1.9542,-1.4946,-0.38162
3.3579,0.83549,0.7807,-0.92095
2.6221,-0.54039,4.2313,0.52306
3.0429,1.591,-2.8752,-2.6939
3.1136,-1.2917,6.9829,1.3781
2.8512,0.62331,1.589,-0.04285
3.0138,0.46268,2.5943,0.55687
2.9374,0.36751,3.8448,1.5497
3.2556,0.15565,3.2346,0.44583
2.8094,-1.5649,6.7568,0.65416
2.7581,-0.014568,3.6135,0.86787
3.149,-0.78668,5.7639,0.98543
2.9314,0.77868,0.44957,-1.0486
3.291,2.2807,-2.222,-1.0521
3.2086,-0.37391,3.1568,-0.63673
3.1906,0.043388,3.0212,0.081584
3.4038,2.9367,-4.2987,-1.7981
3.1937,2.94,-3.8878,-1.2522
3.3782,2.3719,-1.9335,-0.48252
2.8,-2.6047,8.6894,0.60888
3.0239,-0.060669,3.1396,-0.12415
3.2041,-1.5773,8.0114,1.5807
2.7741,1.7185,-1.8759,-1.2234
3.1823,0.12817,2.94,0.12036
3.0193,-1.5774,7.4029,1.3196
2.8613,1.0313,0.25336,-0.60932
2.8753,-0.38809,3.1359,-0.39301
2.8169,-1.6943,7.0745,0.78702
2.8538,-0.87162,4.3671,-0.10355
3.2508,-1.5927,6.7352,0.30438
2.5463,-0.36829,4.1432,0.91161
3.1262,1.2839,0.25971,-0.20862
2.8037,0.91597,1.0911,0.042195
2.7024,-1.1791,5.7062,0.49994
3.2076,0.72993,-1.5305,-3.2299
2.9382,-1.5333,6.2521,0.32118
2.9773,-2.1717,8.0311,0.73603
2.948,-0.71602,5.6099,1.274
3.3392,-1.0217,6.3317,0.96575
3.1445,0.38451,2.6979,0.31046
3.259,0.534,1.5852,-0.70055
3.1158,3.9076,-5.9053,-1.0492
2.9572,0.84154,1.3463,0.12698
2.9193,-1.5876,6.2185,0.21989
2.8743,0.51281,1.2733,-0.63202
3.0297,1.4686,0.11793,-0.056819
2.8975,-0.25374,3.5612,0.048263
2.9691,1.7422,-2.2366,-1.6773
3.3594,0.091975,3.808,0.66279
2.903,0.72583,3.1637,1.6318
2.5164,-1.481,6.7245,0.99319
2.664,0.077432,2.2581,-0.14673
3.3148,0.61935,1.9901,-0.093474
3.0303,-1.2414,5.9633,0.37811
2.9766,-0.39513,2.8651,-0.76933
3.2925,-0.49817,4.4689,0.16811
2.8698,-2.291,10.028,2.4244
3.2328,0.59532,1.725,-0.30272
3.014,-0.61877,5.2059,1.0881
3.1492,1.4139,-0.029215,-0.51999
2.878,1.7993,-1.5891,-1.0726
2.7742,-0.012338,2.4874,-0.34813
3.067,0.66106,0.05585,-1.7345
2.7687,-0.72904,4.3727,0.11048
3.248,1.8532,-2.589,-2.1407
2.6303,-1.0225,6.1986,1.4505
3.1215,4.3702,-8.3468,-2.6386
3.0764,2.2448,-2.8063,-1.3745
2.9756,-0.10948,3.1857,-0.047395
3.0268,0.35762,1.7869,-0.46647
2.9327,0.06495,3.6613,0.63248
3.0738,0.94265,-0.020781,-0.99604
3.2209,1.0025,2.2276,1.1594
2.6915,-0.76724,4.3976,0.23941
2.8356,1.177,-0.44689,-1.1213
2.7374,-2.2402,8.2407,0.9445
2.583,-1.6218,6.7093,0.78102
2.7299,-0.91724,5.3537,0.74053
2.8988,-0.78596,5.7196,1.2738
3.0087,-1.3172,5.4199,-0.097895
2.94,1.0006,0.31693,-0.62213
2.8886,-1.6731,6.4389,0.10184
3.1644,-0.90958,5.6904,0.71227
3.0785,-2.3945,8.692,0.80398
2.7422,0.10017,2.7871,0.24814
2.9527,1.0845,-0.8051,-1.5617
2.716,0.97284,0.29371,-0.58102
3.3304,-1.8647,7.6628,0.48148
3.0443,0.436,2.0677,-0.16582
2.7714,1.9854,-2.8684,-1.6838
2.9307,-0.12176,3.0771,-0.022476
3.1547,-1.1489,5.4142,0.012242
2.8622,-0.15482,3.5652,0.39116
2.8931,3.0514,-5.6576,-2.4042
3.0798,0.21912,2.1082,-0.60292
2.9006,-0.52424,4.3826,0.46135
3.0352,-1.7577,7.9148,1.3827
2.6661,1.4349,-0.58396,-0.50958
3.0485,0.14767,2.748,-0.028619
2.3774,-0.96217,3.4616,-0.93438
3.2821,-1.4591,7.4678,1.3936
3.219,0.57937,2.7561,0.73046
3.484,-0.19581,3.9376,0.25018
2.8867,-1.4066,6.3397,0.62406
3.215,-0.26086,3.5982,-0.01562
2.9033,1.4633,-0.65817,-0.58414
3.2405,-0.97509,5.613,0.54823
2.7328,3.4228,-5.0308,-0.99717
3.4386,-2.1899,9.1208,1.5013
3.0845,-0.033962,3.1182,-0.031606
2.958,-1.7328,8.5406,2.1222
3.1696,1.2549,-0.13188,-0.65922
2.9747,0.37674,1.9956,-0.30587
2.969,0.035703,2.4831,-0.58572
3.0481,-1.6504,8.4547,2.2275
3.1312,-0.58994,4.6611,0.39901
3.103,1.057,1.1633,0.27606
2.8062,-0.7094,4.8271,0.45258
3.0346,-0.29126,3.5135,-0.11243
2.8746,0.4821,0.96529,-0.88648
3.0775,1.0569,0.46619,-0.60454
2.8121,-0.91742,5.4037,0.77438
2.843,1.9824,-1.1321,-0.18404
2.8726,-0.85149,4.1081,-0.51838
2.9806,-1.1858,6.6799,1.2906
3.5749,1.238,0.61354,-0.48627
2.9062,1.4507,-0.79026,-0.70576
3.2048,0.49691,2.5196,0.37179
2.9882,1.089,0.40079,-0.43405
2.4944,-0.13714,1.4131,-1.2428
3.0959,0.038214,2.6125,-0.29077
2.747,-2.1204,7.6564,0.62364
3.0517,0.73761,0.53057,-1.046
2.9972,1.0335,1.6988,0.77861
3.1277,0.68686,1.3222,-0.4511
3.1055,-1.5766,6.6209,0.31667
3.1321,2.041,-1.383,-0.36368
2.7501,-2.3021,8.3,0.88939
2.7561,1.1487,-0.9938,-1.3438
3.0329,-0.66521,4.1648,-0.18658
3.0102,-1.6919,7.9512,1.5481
3.0959,-1.2731,6.976,1.1779
2.8,-1.2138,7.46,2.1921
2.6923,0.4971,0.83165,-0.77868
2.8998,-0.25137,4.5092,1.1392
2.7015,-0.89436,3.044,-1.5355
3.1169,-0.42931,3.0941,-0.78992
2.8917,-3.0461,11.679,2.7363
3.2161,-0.36791,4.685,0.75197
3.3064,-2.1185,8.1836,0.67373
2.89,-1.3833,7.0027,1.278
2.8895,0.15163,3.066,0.38015
2.7762,-0.33444,2.8595,-0.76156
3.0392,0.0097329,3.4187,0.29482
3.2377,2.9484,-4.3982,-1.5663
2.951,-0.35504,4.9264,1.1556
3.0306,-0.11625,3.6657,0.33912
2.8633,-0.13519,2.9768,-0.21457
2.8566,-2.8252,9.026,0.55383
3.2111,0.0024342,3.121,-0.020899
3.1657,1.0938,-0.18579,-1.1859
3.2651,1.9841,-2.5423,-1.7334
3.333,-0.88104,5.1835,-0.063798
2.6369,-2.3503,8.7727,1.4348
3.022,-0.70791,4.7903,0.35425
3.2172,0.22063,3.4417,0.59089
3.1405,1.0857,0.96995,0.018779
3.3287,-0.52439,5.0598,0.62216
2.8749,2.0175,-2.211,-0.95397
2.9938,0.52298,2.6275,0.77657
3.0676,2.9869,-2.9511,0.045616
2.7746,-0.24544,3.4169,0.17448
3.186,-0.30944,4.2614,0.52633
2.716,0.22508,1.6502,-0.84453
2.961,1.0902,0.97063,0.20883
2.9739,0.36372,2.6942,0.33685
2.579,-1.114,5.2055,0.17803
2.9366,-1.3055,6.5008,0.93675
3.1018,1.4798,-0.35659,-0.34621
2.9063,0.25902,4.1376,1.7096
3.1139,1.8473,-2.5858,-2.075
2.9402,1.0513,1.7866,0.85707
2.4351,1.3149,0.13987,0.1171
3.0951,-0.23077,3.9983,0.52591
2.7603,-1.9864,8.0752,1.4565
2.8261,-0.22547,3.289,-0.13801
2.9334,0.58717,0.92123,-0.92408
3.2168,0.82849,1.1364,-0.4524
3.1416,0.33199,3.1831,0.81827
2.768,-0.45186,4.3085,0.59758
2.9186,1.5844,0.25498,0.30226
3.1761,-0.32661,4.7514,1.0359
2.6555,-2.8374,10.203,1.7849
2.9829,-1.4851,6.2963,0.28084
3.4949,-3.4774,11.895,1.5928
3.0767,0.73255,0.46688,-1.0739
3.4463,-0.97739,6.48,1.2281
3.1266,-1.7329,7.0851,0.54239
2.9141,-0.095712,2.8522,-0.089088
2.9024,0.79083,0.0092137,-1.3337
2.9252,-0.087113,3.929,0.94016
2.8078,-0.73561,5.6339,1.347
3.0148,-3.5086,12.754,2.6798
3.4206,0.73806,0.65332,-1.1166
2.7413,-1.0888,4.7688,-0.3164
3.1695,-2.934,9.4815,0.64074
3.184,-1.2441,5.6141,0.12044
2.9778,-2.7374,10.135,1.7096
3.0498,0.53794,1.9525,-0.0015128
3.2034,0.36093,2.9594,0.47091
2.8194,0.65099,0.7867,-0.63852
2.8853,-1.123,4.956,-0.18439
3.0956,0.79716,0.70064,-0.79649
3.5237,2.5026,-1.085,0.44315
2.8485,3.2578,-5.3875,-1.8244
2.965,0.35804,0.94801,-1.2983
2.8093,0.99174,0.80561,-0.1191
2.7923,-0.75104,3.8366,-0.62899
2.7135,1.0034,-0.79384,-1.6322
2.8598,-0.15638,3.9003,0.64319
3.0193,-1.528,6.5622,0.40507
3.0064,-2.0857,7.3573,0.24729
3.3002,1.1467,1.4422,0.58855
2.5949,-0.27075,2.6297,-0.50047
2.8263,0.13121,1.9556,-0.55266
3.1257,-0.42934,4.002,-0.021419
3.1504,-1.6848,7.2488,0.84819
3.3935,2.2354,-2.5925,-1.5008
2.4707,-0.076509,2.0605,-0.62189
3.1234,1.2613,-0.77622,-1.2492
2.7804,-2.3055,9.9074,2.4723
3.2343,-0.87431,5.7672,0.92997
3.0539,-1.9642,8.1161,1.1394
2.7811,0.47736,0.82079,-1.268
2.8313,-1.0615,4.9243,-0.13392
2.9123,0.31215,2.2996,-0.058573
2.8206,-0.32074,4.0614,0.55305
2.943,-0.65152,4.5293,0.42568
3.019,1.1989,-1.1821,-1.9168
3.2503,2.0337,-2.341,-1.5556
3.1887,0.35678,2.7676,0.3191
3.3068,-2.6106,8.627,0.13538
2.6895,0.66357,0.61194,-0.69767
3.0591,-1.6276,7.0676,0.66774
2.892,-0.82949,5.3668,0.68598
2.8194,-0.2716,3.5444,0.11051
2.8338,-2.0266,7.727,0.94164
3.2632,0.85099,0.73196,-0.63112
3.0542,3.4373,-5.3638,-1.4957
2.8318,-0.76028,4.6062,0.22915
3.2185,-3.1092,10.856,1.3312
2.9102,0.96212,1.5935,0.45702
2.8224,2.3825,-2.042,-0.19298
3.4635,-0.53481,5.2872,0.8289
3.1392,1.895,-1.2591,-0.65809
3.0505,3.0253,-4.1104,-1.1401
3.1429,0.61057,1.8075,-0.066795
2.5198,3.7589,-7.5731,-2.6321
3.1055,-1.1737,6.0114,0.66557
2.9451,-1.1784,5.5536,0.23236
3.1879,-0.022747,3.1034,0.0048118
2.9706,0.17226,3.1575,0.54746
3.1898,1.2899,0.12747,-0.50892
2.8657,-1.0185,6.1879,1.1626
3.1117,1.8302,-1.2984,-0.9119
2.8064,1.7571,-0.73624,-0.12472
3.0771,2.4177,-2.23,-0.45903
3.2115,0.77044,1.3006,-0.2942
2.7665,-1.2316,5.4055,0.15707
2.6002,-0.38955,2.2467,-1.0882
2.9761,0.61926,1.8832,0.22321
3.3002,0.21256,3.2328,0.26787
3.0681,2.5663,-1.6955,0.52056
2.8781,1.092,0.56281,-0.11712
2.7658,-0.0043907,2.3897,-0.34027
2.7172,1.9033,-2.4468,-1.5329
3.1716,0.49652,0.18018,-1.8886
2.8254,0.11333,2.3128,-0.23171
2.737,-2.9305,11.433,2.9054
2.8891,-3.1355,11.211,1.8178
2.5185,-0.32582,2.3888,-0.77214
2.833,-2.2019,9.0044,1.847
3.4559,-0.96234,5.8606,0.52927
3.1271,0.3298,2.732,0.16193
2.9087,-1.1309,5.4571,0.43285
3.0204,-1.6703,7.533,1.1206
3.2296,-2.6156,9.3166,0.98145
2.9037,-2.6515,8.7426,0.58604
3.0324,0.25487,2.5964,0.041702
3.3977,1.5025,-0.060357,-0.46256
3.0526,-0.064914,4.4146,1.0184
3.0046,-0.28104,3.1069,-0.37637
2.789,-0.96181,4.6484,-0.21927
2.9431,0.047643,3.8285,0.90511
2.672,0.47215,1.6976,-0.1993
2.8273,-0.22963,4.0049,0.63763
3.1806,0.69929,2.5652,0.78091
3.0629,-0.79664,3.8019,-0.6977
3.3689,-0.15737,5.1745,1.4734
3.3473,1.2259,1.2277,0.39966
3.2551,0.94314,0.21678,-1.1195
3.0821,-0.69402,5.3342,0.90783
3.2097,-3.3832,11.541,1.6773
3.0677,-0.27584,3.9093,0.31759
3.1791,1.3565,-0.23479,-0.63648
2.8327,1.2089,-0.67396,-1.1335
2.7399,-0.11234,3.1268,0.15545
3.1747,-0.17294,2.5899,-0.83619
2.9237,-0.92717,4.9832,0.1325
3.1069,0.99805,0.81432,-0.24098
3.2771,-2.2593,9.1455,1.4776
2.8514,-2.1415,7.3986,0.37066
2.9162,0.30588,1.808,-0.53069
3.0712,0.21393,1.4672,-1.0103
3.2867,1.676,-0.83,-0.6128
3.0222,-0.54936,5.7017,1.5596
3.1945,0.47163,2.5024,0.2245
3.2841,0.79552,1.2452,-0.42843
2.6785,-2.0936,9.0018,1.8601
3.0679,0.87069,1.6825,0.37422
2.8909,-0.23688,3.2285,-0.12484
3.072,1.5803,-1.1226,-0.99923
2.9223,-0.10442,4.2041,1.0424
3.2145,2.3565,-2.5904,-1.0126
3.4775,0.85811,1.0862,-0.41218
2.7974,3.0757,-4.452,-0.99118
3.1402,-0.64214,4.3116,-0.10548
2.9347,0.83858,0.30797,-0.87775
2.7319,-0.88155,6.3212,1.9033
2.9988,-1.6899,7.826,1.4795
2.8101,2.1077,-1.578,-0.25215
2.8703,1.2277,0.48143,0.014579
2.9357,-1.7383,7.3729,0.8401
2.6583,-1.9771,6.9421,0.32486
2.8314,-0.4428,4.4735,0.68302
3.0884,-0.23135,3.3922,-0.055738
2.9483,0.11209,1.9222,-0.9352
3.0019,-2.2869,8.0252,0.49242
3.2938,-2.7134,10.669,2.1076
2.4649,0.040774,1.7123,-0.71971
2.7194,2.0425,-2.4662,-1.0932
3.1491,2.0018,-0.96117,-0.20533
2.8536,3.6019,-5.7301,-1.2659
2.8731,-0.3202,3.3972,-0.19063
2.8881,-1.0442,5.6715,0.67806
2.9548,1.8682,-1.1802,-0.43096
3.2131,1.0386,-0.023773,-1.2478
3.0839,-0.086036,3.8906,0.61628
3.262,0.12862,3.0326,0.14974
2.5655,-1.1853,5.5759,0.53404
2.7278,-1.0659,5.1326,0.54369
3.0686,1.1906,0.082563,-0.61943
3.4491,0.14105,2.7254,-0.38632
3.4014,2.1223,-2.0482,-1.1474
2.9649,-0.57951,3.8434,-0.30901
2.9042,-0.3506,2.6818,-0.86612
2.7911,1.0723,0.54027,-0.11963
3.0632,1.8123,-1.3631,-0.72221
2.7619,-0.47437,3.9476,0.10974
2.8847,3.3728,-5.6402,-1.7947
3.0728,-2.7414,11.303,2.6823
2.9504,-0.85684,4.0773,-0.57438
2.8295,-0.17075,2.8708,-0.43976
2.9895,0.68799,1.0645,-0.59103
2.8848,-1.9369,8.1295,1.5141
2.931,0.16587,1.3363,-1.2681
3.1509,-1.6423,5.2499,-1.1388
3.1735,0.81318,1.4951,-0.042226
3.1894,0.28214,1.8352,-0.75616
2.769,-0.025058,3.559,0.61825
2.8972,2.2063,-2.1255,-0.63678
3.0831,-0.76499,5.4001,0.6659
3.0943,-0.021733,4.6006,1.3179
3.1121,-1.5008,6.4748,0.10053
3.0354,1.2316,-0.068088,-0.65276
2.8904,-0.59804,4.5253,0.3353
2.8156,1.2593,-0.56668,-0.88696
3.2503,0.78333,1.8627,0.17116
3.049,-0.66076,4.0109,-0.11628
2.853,3.0424,-4.8687,-1.6244
3.1751,-1.0924,6.2328,0.96589
3.1157,1.6722,-1.2436,-0.91186
3.3571,-0.91048,4.7217,-0.19301
3.0458,-0.96223,5.3521,0.49503
3.2171,0.99519,-0.15658,-1.4664
2.88,0.8954,1.6503,0.61622
2.9698,-0.53121,4.3789,0.34669
2.8455,0.063064,3.6605,0.96463
2.9952,-1.41,6.4166,0.73541
2.6381,0.1105,2.0762,-0.40957
3.3144,2.6991,-3.755,-1.7293
3.3466,-3.0655,10.794,1.4009
2.9544,-3.1826,9.4841,0.28158
2.9957,-0.44023,4.2721,0.33615
3.1659,0.21282,3.5008,0.82133
3.1127,0.70356,0.59088,-1.2395
3.0418,1.5656,-0.85826,-0.6336
3.5285,-0.74275,5.5191,0.71384
2.7905,1.2197,-1.009,-1.4486
3.1959,-0.69721,5.3063,0.89444
3.0804,0.63369,1.2918,-0.52005
2.97,-0.85012,5.294,0.47735
3.0228,-0.18849,3.3271,-0.14448
2.7835,1.1892,1.239,0.73279
3.1405,0.16737,2.2841,-0.46632
3.2213,0.40445,1.7279,-0.57397
3.0998,-0.1172,3.0884,-0.37542
2.9652,1.8241,-2.3098,-1.6894
3.2695,-1.5486,7.3485,1.1434
2.9305,-0.24898,3.8596,0.37921
3.0204,1.5288,-1.2444,-1.2107
2.9137,0.51685,2.012,0.17606
2.9955,0.78888,1.8655,0.40918
3.1092,1.6698,-1.6353,-1.3976
3.0028,-0.092151,3.8107,0.72158
2.6878,-0.58452,4.7353,0.66474
2.8326,-1.4293,6.9821,1.3615
3.1686,1.9767,-1.4257,-0.42988
2.867,1.8697,-1.3074,-0.55903
3.072,2.2138,-2.2719,-1.0105
3.1609,3.8981,-6.7935,-2.2608
2.6068,-2.5382,9.5599,1.8086
2.7932,0.26282,2.8264,0.47601
2.7717,-1.761,7.2552,0.85412
3.1987,-0.80062,3.9007,-0.88509
3.035,-0.27211,2.5746,-0.81058
2.7233,3.0889,-5.4495,-2.1259
2.8827,2.9847,-6.2414,-3.2446
2.8946,-0.079377,2.6915,-0.40619
3.5014,-2.0594,9.2825,1.8219
3.2556,-2.9206,10.454,1.3566
3.329,-0.49815,4.1238,-0.207
3.1388,2.025,-1.3775,-0.49097
2.5572,-0.49446,3.4016,-0.082761
2.7309,-0.7783,5.1038,0.73529
3.0976,0.38151,1.5471,-0.90685
2.9306,-0.40076,5.2454,1.434
3.2604,-1.9893,6.9313,-0.33966
2.4512,-0.45229,4.6598,1.2087
3.0562,-4.1099,12.844,1.4989
3.0004,-2.5349,8.8029,0.73857
3.1892,-0.36059,4.0471,0.15315
3.0376,1.906,-2.4872,-1.7291
3.0111,-0.80172,3.8926,-0.803
2.336,1.0555,-1.1027,-1.3757
3.0075,-0.82892,6.4876,1.7604
2.6385,1.0125,1.0252,0.23517
3.3604,-0.3322,4.0986,0.22098
3.7547,0.37155,2.5306,-0.32427
3.075,-0.88287,4.8526,0.2026
3.0015,1.073,0.6579,-0.17053
2.9209,-0.7624,4.3802,-0.28111
2.7737,2.5731,-4.2572,-2.0699
3.3393,2.2863,-1.5641,-0.32001
3.0829,0.90401,1.0437,-0.1377
2.7571,-0.24659,4.5647,1.3365
2.8297,-0.031801,3.7114,0.72049
3.258,0.37648,3.3476,0.86155
3.0675,1.3598,-1.0904,-1.326
2.9335,0.23157,3.2177,0.7874
2.9835,0.62456,2.9123,1.2455
3.0548,-0.23687,3.8444,0.15675
3.0847,1.1036,0.69071,-0.17873
3.0007,-2.8637,9.5371,0.9339
2.7292,0.1758,2.4988,0.038042
2.7106,-2.1285,7.6231,0.70427
3.1882,-0.64555,5.4656,0.88126
3.2364,0.1549,1.6414,-1.1572
2.5998,2.0857,-2.7062,-1.1964
2.8483,-0.23053,1.8471,-1.4848
3.0025,1.2516,0.069172,-0.49561
2.9749,-0.54057,4.6934,0.5571
2.8143,-1.0326,4.2519,-0.65299
2.8577,-1.8146,7.4118,0.89585
3.2019,1.2832,-0.99047,-1.4998
2.6816,-0.23556,3.1015,-0.14724
2.8915,-0.96189,5.3923,0.54015
2.5204,2.1697,-3.3357,-1.637
2.7987,0.1208,1.7017,-0.98092
3.0141,-0.83174,4.6543,-0.1698
3.2459,2.1042,-2.6798,-1.5286
2.9083,0.72563,1.4865,0.028963
2.8699,-0.75828,4.5129,0.093678
2.8478,1.4439,-1.2171,-1.2351
3.0029,1.7576,-1.1096,-0.74616
2.6566,0.64753,1.4458,-0.017171
2.6317,-1.0201,5.6887,1.0513
3.0383,4.075,-8.0742,-2.9735
2.7351,0.30726,1.7224,-0.53378
3.2829,0.755,2.4165,0.75638
2.9196,-1.4788,6.5882,0.76575
3.045,1.9126,-1.4908,-0.75185
2.9616,-0.2116,3.0798,-0.28235
3.4308,-3.6911,12.949,2.1592
2.7699,1.9089,-1.9022,-0.77229
2.6038,-2.1887,7.5407,0.50008
2.7292,-1.4249,6.6905,1.0002
3.0143,-0.88398,5.555,0.87155
2.888,0.36433,1.1818,-1.0423
2.8376,-1.3569,6.5085,1.0683
2.8426,-0.7251,4.9305,0.429
2.9564,3.2556,-5.5048,-1.9261
3.3303,0.93398,0.61735,-0.78684
3.1542,-0.88087,6.0845,1.3109
2.7761,1.6599,-0.17637,0.34892
2.9239,1.149,0.66962,-0.078524
2.9793,-0.35401,4.3501,0.76786
2.9067,0.88529,0.93558,-0.26699
3.1264,-0.57791,4.316,-0.028654
2.923,-0.98732,5.2697,0.35292
3.0296,-1.4233,7.731,1.8064
2.9867,-0.048845,3.0441,0.047036
3.2493,-2.1555,8.6299,1.0903
2.9069,-1.9673,8.6948,1.909
3.0432,-0.16099,4.1351,0.74455
3.1171,1.5842,0.76543,0.91496
3.2448,-0.69205,4.9122,0.42721
3.0573,-1.7377,7.669,1.3025
3.2097,1.2259,0.0019024,-0.67719
2.8534,0.18708,2.6249,0.16056
2.9495,-0.10807,4.0608,1.002
3.2204,0.41477,1.006,-1.3773
2.9152,-3.1815,11.154,1.743
2.7976,0.74814,0.71109,-0.72463
2.9014,-0.22856,3.9519,0.66997
2.6301,-1.0576,5.0637,0.33921
3.1784,0.95361,-0.02844,-1.1239
2.5801,0.17696,1.8707,-0.38739
2.8172,0.0026726,3.0802,0.24836
2.7365,-0.022419,2.6508,-0.18364
3.1884,1.0474,0.60488,-0.45459
2.9714,-2.1023,8.7098,1.4701
3.2128,0.80462,1.2156,-0.48204
2.95,0.53523,1.6004,-0.37298
2.892,-1.057,4.2512,-0.81406
3.1821,0.27582,3.247,0.6814
2.6574,-0.84556,5.208,0.79713
2.7461,-0.37296,3.2128,-0.40849
3.1703,0.81863,1.7815,0.37771
3.2707,-1.8558,7.9981,1.0051
3.1871,1.3505,0.60153,0.077218
2.7762,1.0292,1.2697,0.5043
2.7196,2.5568,-3.7143,-1.3609
2.5656,-0.33968,4.5023,1.18
3.3198,-0.97102,4.9141,-0.13374
2.8999,0.45394,1.7369,-0.39286
2.9986,1.7349,-1.0248,-0.54131
3.1425,1.2667,-0.50556,-1.0585
3.1116,1.7263,-2.0271,-1.7883
3.2481,0.20509,3.5785,0.73962
2.9043,-0.48045,4.8276,0.81862
3.214,-2.4193,8.8703,0.86234
3.0068,-1.8549,6.1938,-0.50774
2.6294,1.1628,-0.29481,-0.5703
3.2105,1.8188,-0.021534,0.40789
2.8207,0.086872,2.9646,0.23382
3.2753,-1.5141,7.1758,0.81108
2.8668,-0.4189,3.71,-0.11108
2.7135,0.42231,2.7485,0.78963
2.8762,0.21807,3.109,0.65169
3.0853,1.7698,-2.2102,-1.7679
3.0614,-0.93992,6.0455,1.0535
2.866,0.16572,1.9972,-0.61151
3.244,-0.27301,2.2124,-1.428
3.0577,0.53056,1.7104,-0.35574
2.9585,4.4165,-9.0814,-3.06
3.217,-0.010294,3.1435,-0.19823
2.8739,0.88247,0.80291,-0.30741
2.6874,0.31575,2.4694,0.27626
3.0183,-2.234,8.9442,1.4804
3.4543,2.5428,-2.6493,-0.87386
3.0553,1.8834,-1.0101,-0.31335
2.9113,1.8646,-1.4128,-0.5907
2.8587,-0.053534,2.9344,0.088838
2.8968,1.8259,-2.3625,-1.4646
3.0984,-1.568,6.0918,-0.18353
3.1561,-3.0918,10.814,1.4647
3.0376,0.65341,1.8754,0.18726
2.9394,0.31353,2.4327,0.11516
2.7651,0.5459,2.1063,0.30423
3.0625,1.4154,-1.32,-1.5265
2.9619,-2.1435,7.5563,0.29218
3.0466,0.091333,3.3492,0.51658
3.2823,-0.83264,5.4418,0.57902
3.0972,-0.26863,4.3371,0.64215
2.9401,0.38402,0.72596,-1.2759
2.9958,-4.2894,14.266,2.6883
3.0058,3.495,-5.4589,-1.5793
3.2098,2.3367,-1.8425,-0.20434
2.7585,-1.0342,4.7244,-0.022523
3.1488,0.87672,0.38863,-0.85664
2.5272,2.298,-2.7529,-0.7539
2.9796,0.18847,2.1873,-0.40797
2.7299,1.1101,0.43871,-0.2232
2.6111,0.58867,1.1276,-0.47976
3.0536,1.6969,-0.90114,-0.65103
3.1379,1.9403,-1.8191,-0.94419
3.4841,0.28772,2.4314,-0.30457
3.0973,1.6644,-1.1476,-0.84141
3.1406,-0.91359,5.002,-0.045842
3.0044,0.7592,1.4022,0.0010496
3.3217,-0.31045,3.3312,-0.46575
2.9119,-0.90328,4.972,0.32115
2.3739,-1.3134,5.6152,0.70741
2.9538,-1.814,8.2968,1.8381
3.227,4.0313,-7.088,-2.1852
3.4,-1.2111,6.8008,0.94839
3.0569,-0.70419,4.6602,0.29958
2.7492,-0.63157,3.7729,-0.21388
2.8998,-0.82448,5.6903,1.1003
2.9184,-0.043202,1.9722,-0.87643
3.202,0.16123,3.9106,1.1678
3.1265,0.73638,0.75545,-0.95331
3.1044,-0.83436,5.1129,0.2078
2.7491,0.88362,0.79575,-0.32348
2.9432,-2.7778,9.2507,0.80532
2.9672,-2.1013,7.9312,0.85665
3.2665,0.21467,2.5126,-0.36879
2.9215,0.56595,1.2828,-0.49412
3.0203,0.22761,1.6703,-0.83889
3.2406,-1.6332,7.9148,1.4257
2.8587,-0.22303,3.6701,0.39649
2.9489,-0.081708,4.0523,0.91664
2.7015,1.1901,-0.24875,-0.60793
3.0335,0.18755,3.2014,0.57121
2.8457,-0.8987,4.5485,-0.242
2.7845,0.073099,0.88722,-1.6505
2.6128,1.1786,-1.6214,-2.0032
2.5612,1.3071,-0.39411,-0.43484
2.8421,0.99381,0.57409,-0.33994
2.9657,0.0024789,3.724,0.69118
2.6967,0.22987,1.2491,-1.1561
3.1256,0.20297,3.2628,0.62629
2.9062,-0.39743,4.0754,0.23918
3.0309,1.2744,-0.68557,-1.1512
3.008,1.1695,-0.65733,-1.3245
2.9709,-2.1186,7.9024,0.69748
3.3099,0.69088,1.2564,-0.62332
2.7875,-0.092662,2.9127,-0.11129
2.9716,-1.3506,6.8869,1.3202
